100 4784
12 33 29
31 39 23
28 47 26
54 87 13
54 60 18
6 60 24
5 42 23
38 97 12
26 40 17
68 84 1
16 87 8
14 42 24
14 32 30
58 76 21
0 83 16
9 84 23
27 73 7
22 82 8
19 65 24
3 47 2
56 60 8
1 24 18
26 73 26
8 95 20
71 89 11
71 77 17
47 70 9
61 79 26
9 93 15
9 81 11
5 22 4
23 60 29
3 46 12
8 12 9
43 76 28
74 81 17
23 34 6
4 64 29
41 89 30
36 57 30
15 83 14
30 60 20
75 93 14
11 39 19
25 35 25
38 40 19
34 81 20
12 79 23
36 92 14
18 97 27
9 26 21
30 75 7
38 55 6
54 98 2
66 97 13
26 91 27
86 98 29
17 43 3
36 50 23
40 59 13
13 75 26
56 88 3
4 72 6
17 44 2
25 42 24
37 79 7
30 95 14
67 78 21
39 65 8
30 36 23
1 88 1
53 66 25
16 69 4
2 79 11
0 58 12
9 53 8
30 69 9
27 43 17
51 86 8
34 60 13
41 87 9
2 70 11
37 69 10
29 55 6
4 36 23
44 79 16
46 55 30
10 88 7
49 77 4
11 21 27
0 24 14
8 58 29
8 73 30
45 74 20
15 84 19
31 42 27
77 96 26
12 25 11
40 52 19
11 67 12
26 86 22
13 66 21
24 59 28
31 65 27
5 71 23
44 94 8
20 80 25
36 66 16
40 77 15
27 97 8
11 99 23
80 91 9
2 68 22
21 92 28
5 47 7
30 93 20
46 97 23
24 74 15
8 36 9
59 93 3
53 67 4
45 91 10
47 84 15
63 71 9
51 58 11
26 78 8
63 81 5
45 70 15
7 80 24
76 96 2
47 50 23
14 22 3
5 89 5
40 76 3
50 63 7
2 76 23
49 92 7
15 45 19
42 59 19
7 85 22
22 53 26
40 49 6
28 54 2
52 60 8
39 41 19
31 78 30
15 34 21
31 33 11
68 71 7
55 79 1
52 88 9
8 44 12
47 85 15
28 46 27
35 53 6
18 83 17
41 76 14
1 58 28
31 54 15
54 62 25
9 25 23
39 77 26
54 74 23
76 81 21
4 58 12
35 96 17
48 88 15
31 34 27
48 49 28
28 85 10
2 33 27
47 63 1
7 72 13
9 80 16
62 83 25
77 81 7
42 62 18
45 63 25
44 45 26
22 37 25
31 48 18
7 36 5
19 83 29
21 82 18
30 98 13
4 54 19
6 46 5
6 40 26
4 25 6
84 92 27
46 79 25
57 71 11
92 98 7
85 99 9
41 88 19
91 92 17
8 87 24
38 53 28
79 96 13
75 94 13
59 63 8
75 77 21
31 36 9
16 94 15
22 97 27
34 42 5
38 41 11
34 98 6
52 98 26
28 48 30
16 52 10
60 84 5
3 43 14
39 75 30
1 21 9
12 75 7
28 36 8
71 76 30
56 71 3
53 98 24
43 74 2
20 78 9
74 75 11
41 55 22
18 45 2
34 63 17
33 79 27
35 42 4
46 67 13
68 91 19
13 92 9
40 44 9
29 85 4
47 74 13
32 59 19
12 17 12
63 69 12
69 71 9
74 99 16
65 92 3
30 72 1
53 68 15
32 82 15
23 97 14
24 45 27
30 94 3
31 58 18
52 64 3
60 99 11
5 80 1
41 49 26
8 19 19
18 60 20
30 33 2
2 16 23
16 57 2
17 92 13
38 96 15
44 96 13
35 65 8
44 72 22
63 92 26
20 85 27
19 24 27
20 55 19
10 56 27
27 59 13
6 16 25
15 27 25
41 72 18
34 64 25
48 64 16
8 11 3
9 27 2
1 37 4
8 18 18
42 61 15
15 30 15
16 47 16
53 65 28
30 47 5
27 94 11
1 72 10
5 60 15
16 25 5
2 98 23
0 49 1
60 74 25
57 93 17
65 97 9
29 88 16
19 35 30
10 31 27
29 40 7
51 68 19
13 53 19
91 93 17
55 68 24
50 60 22
17 37 30
64 78 8
43 48 26
3 56 21
13 80 24
33 99 21
24 44 6
1 91 4
42 66 29
25 86 5
42 99 20
5 68 20
2 50 5
3 55 6
23 66 22
89 97 26
11 90 23
38 81 13
0 29 21
33 56 2
34 57 17
27 71 9
19 91 26
40 66 1
9 31 25
4 11 25
22 67 14
19 40 5
47 98 7
27 66 14
30 53 17
7 39 19
77 78 17
47 54 8
71 91 14
16 92 11
6 32 5
46 98 2
47 76 2
65 69 12
28 49 24
38 90 24
82 98 26
31 94 21
82 92 15
22 27 27
45 68 6
19 71 16
43 63 23
48 81 4
7 83 28
29 60 21
16 67 9
20 26 2
78 87 17
35 57 6
86 92 25
4 93 23
20 88 20
41 85 17
0 61 13
5 74 13
4 16 16
80 82 11
12 88 5
69 88 7
8 23 14
63 75 5
18 25 2
31 38 20
38 51 15
64 76 4
45 98 7
48 74 4
79 89 29
71 75 17
0 44 7
57 79 4
48 55 2
37 70 27
21 66 25
31 72 6
3 27 5
51 73 18
32 54 20
44 56 4
26 52 17
23 30 13
15 47 22
34 45 13
37 81 5
18 36 26
3 64 13
37 71 11
66 95 8
20 81 5
20 21 27
41 98 22
35 61 16
1 49 5
38 82 20
20 92 4
35 47 6
16 35 26
39 86 6
74 80 4
16 85 22
17 75 4
8 99 28
21 27 4
62 76 15
63 83 19
17 73 3
39 42 4
14 83 20
5 37 5
89 99 30
20 43 22
2 17 27
65 72 30
47 82 20
50 52 29
67 98 12
33 38 21
24 60 22
32 34 13
76 92 30
6 61 25
35 56 2
59 73 2
9 61 7
11 89 21
68 78 24
21 85 10
81 97 3
0 57 28
50 71 10
15 36 14
33 61 27
13 37 27
11 53 24
44 57 23
64 91 30
7 17 6
39 63 9
35 90 26
8 51 3
9 86 7
6 21 15
60 88 26
13 78 18
13 68 8
63 68 17
40 71 13
64 69 25
19 39 19
61 63 2
9 18 23
42 82 18
65 86 6
1 25 11
30 96 28
39 49 23
25 82 23
12 15 17
48 78 10
59 76 17
5 97 14
63 91 22
13 82 16
23 90 11
11 64 3
52 87 10
76 83 7
29 41 27
2 24 5
61 73 26
23 47 10
6 51 12
16 38 6
45 56 21
46 69 16
4 57 21
37 82 10
10 76 21
77 95 14
2 94 12
60 70 10
44 68 17
33 52 4
35 99 14
6 66 23
17 35 20
16 29 27
95 96 23
67 82 20
42 50 4
24 81 8
23 79 16
3 29 15
9 99 2
13 88 16
36 74 14
75 80 5
41 96 10
24 39 23
4 21 4
15 18 26
55 57 29
56 62 30
51 88 18
90 93 28
21 70 19
7 55 21
22 41 17
50 64 10
71 92 18
20 71 4
31 63 16
32 61 30
54 89 7
20 24 17
17 93 29
32 47 30
21 81 1
18 53 10
62 77 15
74 85 18
42 60 14
0 68 29
41 86 22
77 99 9
61 78 23
29 78 17
22 74 15
66 90 27
93 99 13
10 94 6
18 90 8
54 78 10
31 70 15
1 85 27
28 67 12
75 97 21
20 82 4
17 57 20
9 74 11
67 90 2
66 96 13
65 95 26
23 71 14
56 63 24
4 62 17
43 50 30
4 88 16
67 81 17
19 99 29
2 34 17
35 67 2
3 91 7
14 20 28
87 97 28
42 83 28
37 61 10
79 94 24
3 10 10
18 98 6
6 74 25
4 18 1
19 36 23
6 95 18
0 40 21
31 51 6
37 40 26
2 15 4
11 83 19
13 18 7
18 38 5
37 95 10
51 79 10
60 95 16
66 98 12
9 48 29
31 91 21
22 73 19
24 51 19
75 88 10
8 71 6
35 46 27
2 71 10
40 43 3
84 90 15
10 74 30
39 54 21
41 95 3
61 97 7
44 53 4
33 66 14
14 54 12
13 97 16
53 87 3
15 77 20
80 96 26
59 87 2
34 70 13
25 70 21
19 92 24
1 31 2
39 95 11
7 26 21
20 57 22
26 38 20
37 38 7
23 70 12
51 85 26
19 23 5
23 77 5
0 33 9
4 42 30
10 72 8
15 21 11
18 33 28
29 42 17
7 97 13
16 74 28
16 56 2
0 69 21
4 45 1
34 78 23
17 33 20
15 56 7
5 96 11
44 47 23
37 48 11
20 79 5
30 51 24
14 71 10
60 66 11
9 15 12
57 80 21
15 93 11
57 75 30
54 68 16
8 68 10
1 44 29
3 15 11
45 77 15
8 22 2
34 84 21
17 82 6
23 36 15
78 95 24
14 56 30
12 19 6
13 63 7
19 85 28
30 83 5
5 17 18
24 99 27
58 74 30
58 95 23
23 73 24
0 90 5
10 23 11
1 64 28
54 94 11
0 72 28
4 10 21
15 89 6
8 75 27
11 56 29
50 81 10
19 70 20
14 51 7
39 96 24
59 86 21
74 76 26
23 88 22
11 79 8
32 64 25
78 90 25
42 57 18
22 68 21
19 46 25
62 89 20
31 46 15
9 22 11
26 81 2
7 58 7
26 92 19
47 79 5
12 76 8
21 76 21
5 93 23
19 53 27
0 63 29
34 80 27
61 67 25
12 43 25
18 32 26
24 49 22
36 38 13
14 96 8
10 84 17
51 84 14
32 53 1
2 97 26
9 78 5
18 57 15
10 21 11
83 97 10
1 11 27
10 71 14
8 81 29
66 94 7
7 73 19
19 74 24
22 86 29
84 88 13
11 42 23
39 98 9
72 81 12
71 98 2
24 79 29
34 97 2
32 74 12
13 93 27
24 68 3
35 38 8
0 1 14
80 99 9
43 60 25
71 87 10
7 81 24
56 89 18
53 93 7
61 62 15
7 15 2
10 37 22
10 64 16
6 56 28
4 38 2
9 43 14
22 34 25
38 67 3
58 91 5
46 94 15
16 46 26
9 82 5
7 94 18
20 99 11
18 26 30
62 65 10
79 84 12
8 67 16
65 80 28
12 51 4
27 84 21
20 23 6
47 78 1
56 86 16
7 60 23
62 96 17
28 80 23
41 52 24
93 96 8
3 41 16
17 47 15
39 89 11
12 94 3
17 42 15
8 54 28
15 26 8
55 63 26
17 96 24
26 90 2
28 57 14
16 98 4
36 89 25
17 58 4
33 50 27
59 89 11
16 96 3
36 75 9
35 95 25
25 99 25
64 83 5
23 24 15
29 58 11
9 23 30
48 76 1
3 72 27
18 66 28
21 69 16
19 43 12
63 93 2
45 71 14
52 91 24
89 90 18
5 99 8
28 59 6
3 52 18
11 97 13
43 45 16
30 61 11
17 46 27
6 92 7
15 95 15
48 89 21
80 97 11
22 99 1
54 57 18
10 12 23
43 69 7
17 76 23
16 54 17
43 64 28
0 54 19
85 96 8
24 40 26
25 90 16
43 73 7
44 90 10
8 26 2
30 44 26
18 93 6
30 84 24
5 43 8
31 53 22
27 67 21
47 77 30
87 91 7
81 86 10
13 60 4
57 89 12
93 98 30
8 93 30
45 95 15
28 53 26
2 54 27
15 74 17
60 63 16
21 56 7
26 27 16
12 77 29
11 33 6
63 85 11
65 91 15
26 74 14
5 34 19
69 94 8
43 56 10
39 87 3
77 83 13
18 91 16
38 71 30
86 88 8
9 83 3
42 48 11
30 42 16
43 58 21
64 82 24
2 31 12
21 99 30
15 49 1
4 60 6
6 9 11
50 67 8
47 62 18
50 76 23
13 33 29
38 83 14
8 61 20
11 78 25
28 94 21
7 11 19
13 56 26
0 30 14
31 74 6
18 63 9
1 8 13
14 79 13
18 34 26
32 37 26
11 15 5
30 78 29
87 94 28
22 51 15
13 25 12
75 91 11
35 50 8
71 73 2
69 99 17
10 47 4
30 50 3
14 73 6
21 91 13
22 49 17
43 84 20
16 97 25
12 60 23
48 77 12
65 75 23
1 29 3
9 20 30
13 51 24
49 90 7
9 46 3
34 65 1
54 86 30
61 83 22
8 43 16
36 85 29
2 8 6
83 87 19
27 69 7
73 81 4
22 84 6
38 75 25
6 29 22
18 80 10
37 84 24
10 18 9
79 87 18
88 93 15
15 32 21
28 70 12
40 97 1
58 90 24
7 16 1
9 70 8
56 96 2
50 75 9
0 73 2
3 30 9
56 92 11
5 66 25
17 84 16
46 91 15
44 49 30
6 67 5
37 44 12
78 80 13
19 61 1
0 47 18
25 73 12
23 81 25
25 96 17
59 68 26
33 54 15
31 68 8
66 87 29
53 63 15
31 50 27
17 80 9
56 70 21
37 55 13
12 80 14
9 44 16
11 91 4
78 91 13
40 84 5
52 59 9
15 62 9
28 72 9
24 31 13
38 64 13
89 98 23
2 69 19
43 72 22
41 43 19
74 93 25
74 89 25
55 56 13
9 87 10
0 67 26
30 49 15
22 75 1
63 74 11
4 66 27
35 81 14
17 23 26
41 78 4
12 47 23
25 64 6
73 78 3
56 95 19
14 24 23
38 68 10
14 21 22
85 87 1
15 94 16
6 83 16
44 52 10
9 68 16
6 7 3
39 40 15
24 56 6
19 59 30
72 84 9
27 28 21
2 53 8
26 33 9
44 71 12
26 72 12
64 77 1
57 74 2
9 88 8
30 71 11
29 80 7
51 52 27
17 38 13
36 59 30
81 89 30
31 49 25
24 52 3
24 27 27
17 99 29
64 96 21
14 76 17
40 98 9
33 45 1
5 84 23
44 83 18
78 98 2
43 77 26
14 60 3
20 98 26
18 74 9
22 47 4
1 4 8
30 73 18
36 94 15
15 70 30
50 53 29
24 91 6
23 57 21
3 68 29
3 76 18
17 70 25
6 39 19
3 12 14
25 46 25
25 39 17
26 44 12
51 53 18
51 57 4
56 59 2
20 32 23
2 19 25
61 87 18
9 65 15
24 58 21
35 75 14
30 74 28
12 95 16
36 46 9
86 96 23
20 53 17
59 81 20
59 67 1
1 7 4
20 70 5
4 40 29
16 81 7
31 69 8
37 72 10
94 97 9
87 92 3
41 79 23
44 55 8
72 78 7
50 95 10
47 60 21
79 82 11
12 64 26
24 32 14
3 71 9
4 59 14
16 88 7
61 95 11
47 95 7
17 64 7
27 33 7
7 52 20
54 93 29
45 67 17
0 91 22
55 67 1
51 63 21
50 84 17
34 79 11
9 66 9
67 70 17
27 42 18
50 54 13
5 86 13
72 76 3
5 73 16
14 72 27
35 92 5
5 32 15
18 37 2
46 53 23
16 27 28
4 31 23
40 60 12
62 85 28
32 87 26
37 59 24
32 70 1
64 72 21
72 75 24
61 94 25
46 54 6
4 50 21
57 97 11
46 96 14
41 67 15
70 88 18
47 93 25
3 48 20
31 99 20
5 88 12
15 44 5
9 12 19
5 23 16
10 17 7
55 76 29
52 74 26
39 51 21
87 96 26
23 54 28
22 94 3
1 12 26
4 8 19
19 76 4
23 33 25
42 64 5
27 70 12
4 12 1
50 94 21
44 50 4
59 97 21
62 95 16
81 83 15
47 64 5
11 30 3
9 89 13
55 72 12
10 98 13
85 97 9
20 73 19
28 93 29
65 98 15
28 90 25
27 55 17
75 96 9
31 77 12
15 91 5
75 99 4
56 61 24
1 10 5
8 91 20
5 15 27
73 95 9
2 14 29
2 66 5
77 79 28
6 78 24
24 71 29
28 52 15
60 90 11
37 90 6
15 54 22
17 29 23
1 71 6
47 96 2
21 52 15
37 67 4
11 35 20
49 98 30
27 88 25
39 55 21
59 83 26
65 87 18
49 57 15
60 62 24
0 9 18
65 85 26
3 11 24
5 61 19
22 98 11
5 81 18
43 79 30
52 58 27
26 47 13
52 56 25
80 87 9
52 57 28
14 57 6
95 99 26
66 88 16
26 88 2
23 67 13
43 94 21
13 65 17
0 18 6
27 99 6
40 57 17
37 85 12
21 94 23
20 65 7
58 80 10
20 49 22
3 80 4
47 71 14
3 5 2
2 32 8
40 42 3
68 94 7
1 55 28
27 48 24
3 21 29
61 91 30
26 95 19
42 97 27
58 63 19
59 98 6
81 84 19
31 84 23
53 96 21
10 80 8
12 97 16
43 90 13
47 68 28
10 73 6
24 54 30
16 73 27
34 95 16
88 94 8
2 18 8
34 71 16
76 99 16
25 72 29
49 72 24
26 39 7
27 82 18
5 8 9
68 73 12
61 68 4
50 91 10
71 96 7
13 34 12
74 94 24
15 16 28
17 34 25
24 86 23
20 58 17
2 21 9
40 87 5
14 62 24
21 55 6
63 72 15
45 99 12
63 64 14
31 80 22
6 68 15
0 78 25
55 70 25
28 83 18
25 41 8
16 28 13
11 81 18
34 52 2
14 26 1
37 98 26
42 46 22
53 81 15
36 63 26
19 54 27
21 87 28
62 87 17
3 45 21
6 30 4
33 67 12
56 78 5
4 46 5
53 57 11
48 82 1
64 98 29
7 30 16
64 68 1
30 67 9
16 42 24
31 96 29
62 92 11
16 93 7
28 58 23
17 67 18
32 57 17
31 75 12
8 24 10
15 80 27
25 66 6
58 83 27
14 98 13
34 44 5
40 56 15
6 81 15
17 22 27
71 99 12
1 27 27
11 12 4
7 91 22
8 28 9
44 51 27
3 59 30
48 75 17
33 77 15
15 64 2
53 84 5
10 66 2
28 44 25
39 66 4
32 97 3
3 36 29
28 51 7
17 27 26
4 79 30
64 89 30
23 51 7
28 88 13
44 69 7
30 68 8
2 7 7
72 83 13
70 98 30
28 30 1
2 83 18
61 99 12
35 63 25
6 82 2
9 21 22
7 86 18
39 76 9
54 92 27
60 78 19
15 23 15
20 22 6
27 38 11
38 99 22
47 90 20
57 99 9
38 59 16
29 63 26
59 61 16
33 69 14
62 66 27
3 32 9
87 90 25
10 29 14
22 35 26
40 81 28
70 81 1
25 79 13
36 53 4
2 73 6
46 48 14
31 86 14
21 59 14
11 36 30
1 14 9
1 84 8
21 67 4
6 98 2
36 52 19
39 52 18
24 77 17
41 50 10
19 78 5
17 41 29
46 63 27
6 80 15
66 68 29
24 25 23
3 39 30
17 31 18
22 55 9
55 77 6
65 79 5
52 71 4
55 75 25
55 97 12
18 55 9
24 35 5
48 98 13
10 82 3
9 59 5
56 76 26
57 67 22
41 90 11
11 18 11
21 34 27
45 50 29
49 87 21
29 52 10
4 78 15
69 96 21
56 75 7
14 18 21
38 39 23
22 80 21
36 62 18
16 22 20
17 19 8
12 63 21
14 90 11
5 77 9
71 82 22
0 87 8
9 24 24
49 56 5
46 62 8
12 50 19
62 86 26
24 90 23
19 72 10
26 37 9
6 22 8
14 19 24
22 31 30
15 25 25
8 94 6
32 33 23
16 60 24
43 53 22
25 30 6
11 77 3
42 47 20
31 93 24
29 51 2
42 68 5
38 92 25
71 83 16
22 29 25
81 96 28
31 45 6
16 63 21
70 96 25
30 41 1
15 24 22
39 79 16
45 46 12
70 84 26
49 53 30
94 96 6
18 82 2
69 97 17
41 83 1
31 87 27
28 29 26
69 80 16
67 99 14
28 91 14
15 78 4
28 35 17
23 26 6
38 65 20
46 68 27
15 46 7
7 18 23
13 50 28
39 56 9
7 61 24
4 44 25
15 38 26
21 58 26
85 93 3
63 98 26
43 47 18
1 35 11
4 80 24
60 75 20
60 97 24
29 57 25
37 75 19
4 22 17
34 93 29
74 90 5
9 60 10
4 74 7
5 29 12
78 93 14
17 71 15
72 89 23
50 85 14
2 39 10
30 32 1
23 46 28
7 37 26
1 66 15
10 75 30
69 78 3
40 50 25
17 39 23
27 32 29
2 52 19
47 81 21
36 93 26
42 70 8
35 83 13
0 56 25
2 84 13
39 97 27
53 72 8
32 49 26
19 49 15
59 88 17
7 22 11
70 75 15
70 86 27
77 85 8
80 93 13
2 67 23
0 74 3
16 72 21
94 95 23
21 68 10
10 50 15
55 66 10
28 34 10
2 56 25
60 96 12
56 77 4
62 71 20
34 86 10
32 68 23
22 69 29
90 99 26
0 25 28
4 86 16
49 89 18
79 83 17
10 51 24
13 52 2
54 83 6
40 72 29
2 43 5
24 97 21
49 78 15
57 70 6
19 87 30
52 81 5
21 53 26
40 54 23
60 82 8
21 23 15
75 81 9
28 38 12
0 79 5
39 92 2
34 58 23
36 44 14
19 29 29
4 13 16
18 40 14
68 98 15
12 69 12
12 31 14
26 62 3
1 97 16
11 14 30
18 31 22
8 33 1
12 91 28
24 34 24
1 61 2
33 53 27
48 96 11
70 89 18
21 36 30
57 91 18
12 26 17
15 17 1
39 81 15
36 76 14
51 78 29
24 88 10
47 56 4
73 98 23
13 99 29
19 69 25
76 90 7
12 29 16
68 95 15
50 92 4
54 99 29
14 47 15
5 85 15
56 57 27
14 53 11
16 61 21
88 89 13
1 5 6
92 97 15
69 74 28
40 45 2
47 69 3
63 96 10
66 81 18
69 76 10
5 63 15
83 89 7
43 62 7
14 29 27
46 64 5
12 41 12
26 68 25
20 29 6
26 77 1
57 63 17
10 60 9
29 47 5
38 62 23
53 92 27
72 93 2
13 86 24
49 95 21
32 86 25
39 99 6
46 78 20
67 83 12
5 38 26
3 44 6
35 51 1
0 43 11
61 70 28
8 15 25
50 58 30
7 35 4
7 57 14
0 89 22
18 77 30
2 81 18
68 69 13
26 46 21
46 56 11
31 81 24
23 40 10
52 95 10
20 48 20
23 69 22
10 20 25
46 52 8
85 86 26
36 51 28
84 85 11
17 32 3
22 92 28
38 93 6
58 86 22
66 77 12
60 86 20
42 87 23
16 17 7
71 81 1
13 47 11
60 69 11
42 76 13
15 69 21
12 65 15
71 94 24
24 75 7
43 82 14
4 95 2
54 55 19
35 70 21
23 80 25
15 53 13
43 55 2
19 30 4
14 41 30
30 91 20
2 37 16
25 76 12
7 79 21
68 97 12
39 74 8
7 69 23
22 85 21
38 49 3
9 51 8
2 5 12
29 94 10
3 78 30
75 79 28
28 75 15
81 95 12
16 51 22
1 63 8
2 48 6
6 38 27
25 38 21
67 68 13
28 87 21
8 63 11
33 34 14
21 78 5
6 71 14
38 56 16
30 39 20
6 57 22
14 74 8
2 47 10
58 81 22
46 49 12
51 61 13
6 64 26
30 59 16
39 88 5
15 68 19
73 75 4
66 84 7
45 73 25
12 55 28
52 66 15
42 78 8
3 79 21
37 92 20
15 37 13
10 19 10
25 84 21
63 90 6
55 64 30
35 89 10
10 32 10
3 38 15
64 86 15
87 93 27
78 85 18
35 84 18
35 87 7
24 70 27
10 68 13
40 46 13
24 53 7
52 78 21
20 33 12
72 94 9
18 35 17
38 80 14
83 98 27
62 70 3
1 73 10
90 97 8
57 98 21
16 45 18
10 53 23
40 68 28
23 86 2
20 44 26
21 63 16
2 12 29
29 98 27
49 96 19
5 69 27
54 79 4
51 60 16
2 77 6
20 89 15
15 31 3
33 96 28
10 13 30
3 51 10
46 83 6
36 47 13
50 72 14
33 76 11
3 81 21
14 36 13
11 86 12
31 76 27
55 71 19
72 73 28
33 73 29
15 40 6
29 46 5
7 66 4
15 33 8
19 67 28
83 85 8
31 67 11
62 72 10
37 45 8
50 78 9
40 86 4
18 27 13
70 72 17
78 86 15
41 80 17
0 50 27
41 82 30
21 80 26
16 31 23
79 98 4
18 86 10
11 75 6
49 75 4
50 79 1
6 65 4
54 77 17
16 76 12
72 91 9
38 47 30
1 74 5
6 42 29
11 85 24
10 48 5
27 92 15
61 88 8
37 43 20
19 93 6
24 67 24
8 41 15
63 97 4
18 72 25
1 22 6
3 49 20
13 15 21
32 91 17
12 74 18
36 41 4
0 52 21
72 80 11
65 66 13
6 69 7
0 21 5
60 98 16
7 12 5
69 89 24
48 51 12
57 62 3
19 28 9
39 91 6
70 85 24
15 55 22
2 89 12
69 73 27
11 72 16
25 48 21
76 77 13
86 94 2
29 61 6
32 62 19
97 99 19
16 55 20
0 59 4
93 97 18
42 77 5
1 60 30
62 81 14
37 51 30
37 46 15
67 97 7
12 30 27
61 74 12
39 90 1
37 76 3
72 77 17
4 96 5
41 60 5
65 70 9
44 80 10
13 94 11
7 93 30
60 73 7
16 71 3
25 37 23
15 48 18
56 83 6
33 48 24
11 93 17
76 78 15
25 68 4
14 95 11
22 32 5
6 43 13
13 16 1
4 19 16
20 95 27
48 80 18
39 59 14
10 96 22
21 45 14
9 39 13
53 58 19
68 96 5
20 28 19
7 34 1
58 68 3
32 41 22
25 51 20
30 46 25
39 70 4
31 47 17
43 95 23
20 63 29
26 61 28
51 90 25
9 62 24
20 77 14
21 41 9
23 92 17
42 51 5
8 31 19
66 86 6
36 48 13
34 49 22
36 78 22
42 56 28
5 44 9
2 99 24
44 86 1
28 92 18
4 91 17
9 45 11
16 40 15
39 64 18
42 91 9
6 79 16
85 91 10
32 90 22
41 42 14
45 88 23
82 83 12
21 75 21
17 54 2
55 99 21
10 83 25
14 34 1
20 86 15
17 52 3
44 87 4
7 63 11
23 76 15
32 80 18
41 68 21
37 78 9
7 31 16
19 25 25
24 62 26
42 43 17
26 36 19
32 58 2
66 74 13
38 54 7
40 64 25
65 68 12
32 75 2
55 84 24
0 82 19
49 62 5
87 99 16
16 89 24
11 38 1
57 92 14
22 38 22
0 32 18
0 88 21
45 57 15
21 84 27
11 44 6
5 18 5
11 98 11
17 68 13
24 78 28
2 49 15
10 28 13
72 86 29
73 76 22
31 44 14
19 62 19
35 43 28
71 86 12
23 48 24
38 63 9
32 55 13
7 64 4
5 39 14
42 44 12
8 32 11
22 60 2
52 68 15
23 65 25
6 44 7
69 79 8
68 77 11
49 85 15
50 89 22
8 48 24
51 64 16
22 44 9
6 28 7
31 40 29
14 59 21
18 21 14
11 70 10
29 95 3
58 87 9
49 97 16
70 95 22
29 75 30
19 68 3
50 73 13
6 35 8
13 77 20
63 84 9
25 93 4
60 85 16
38 58 22
49 94 24
5 91 18
19 63 27
2 96 1
0 26 29
50 61 12
88 95 27
24 47 13
39 46 9
37 83 3
40 41 22
42 71 11
11 95 3
5 49 23
31 43 28
22 79 6
23 85 7
33 93 16
80 83 1
3 65 7
24 43 7
37 87 2
72 79 4
1 32 28
32 99 26
46 51 27
9 14 2
49 63 2
27 30 2
17 30 14
7 20 6
5 30 13
32 56 7
14 43 28
9 13 17
3 26 18
38 46 26
38 98 12
20 87 5
73 89 11
78 84 5
7 90 8
74 97 9
2 88 16
16 95 24
71 80 13
54 84 17
57 96 1
1 99 22
19 56 30
72 90 30
44 66 12
29 89 21
12 49 7
32 40 11
20 56 3
17 69 27
33 91 7
0 81 10
36 58 13
65 90 5
11 60 1
20 46 12
7 99 26
4 9 24
0 41 1
82 88 30
38 45 24
38 70 18
3 54 14
18 84 19
35 79 5
68 79 12
25 57 26
50 83 23
31 88 7
45 62 3
37 62 5
84 91 18
9 98 16
4 48 8
77 89 25
51 55 26
57 95 3
77 80 28
56 73 13
54 90 6
7 68 21
50 93 14
14 45 5
35 48 12
43 78 24
40 88 20
2 85 2
16 41 20
63 88 17
47 88 9
3 25 22
7 82 18
4 83 2
3 37 5
17 36 5
73 74 28
0 42 12
42 98 25
83 84 5
25 85 4
43 65 18
74 79 2
12 59 17
33 40 12
1 16 10
58 97 25
27 63 21
15 82 3
2 35 27
18 85 8
25 63 13
35 94 20
0 31 27
33 72 10
23 53 25
36 79 23
66 67 26
39 45 27
16 58 25
1 38 12
8 98 29
74 78 14
18 78 19
21 49 30
19 51 16
9 55 12
40 79 17
1 96 13
4 52 10
67 93 7
76 79 8
16 44 30
64 88 26
23 74 18
10 86 8
56 68 30
4 55 17
11 65 15
30 76 4
21 32 19
31 71 4
53 70 6
19 27 12
7 29 21
1 13 2
43 54 13
39 94 6
23 98 15
42 95 17
9 16 28
14 82 16
9 77 10
62 68 25
50 98 4
22 52 12
26 34 4
3 67 23
21 57 24
37 58 4
54 70 14
60 94 29
1 83 2
24 36 11
38 78 9
22 54 21
29 99 5
7 95 16
18 92 7
75 98 4
81 93 6
23 49 24
0 39 18
86 90 5
28 98 28
40 70 7
32 48 18
53 54 8
71 88 15
35 39 1
78 94 24
11 29 16
92 99 11
14 39 1
18 29 17
50 68 27
8 80 15
0 27 18
44 88 9
13 83 3
36 90 9
1 80 12
45 48 30
5 50 24
25 87 2
66 71 2
9 34 24
32 95 24
46 47 25
72 87 27
51 65 5
29 35 28
16 37 21
12 20 28
21 29 11
1 47 9
44 61 27
41 75 23
33 43 1
69 83 14
2 30 8
17 98 14
43 59 27
49 54 23
51 87 28
31 97 11
6 89 16
48 86 29
2 3 5
82 84 2
22 30 1
24 41 20
59 71 3
3 42 21
9 33 22
64 95 18
6 94 24
21 86 14
58 67 24
4 14 28
18 44 26
26 64 29
35 93 26
59 77 8
41 44 19
79 88 19
25 54 18
8 88 4
21 38 29
57 82 30
5 59 27
23 95 15
46 84 14
6 70 15
54 56 25
8 74 13
28 31 9
30 87 30
67 96 2
69 75 2
11 45 1
21 93 24
69 86 23
13 71 6
46 80 25
81 98 25
7 65 13
14 84 27
69 77 10
45 92 3
20 94 22
13 24 23
51 81 14
51 75 19
4 56 2
81 94 13
51 70 7
17 87 2
6 63 17
23 68 22
38 44 12
84 98 27
51 66 22
23 28 2
21 33 6
54 58 8
8 49 15
20 39 18
29 93 27
30 63 29
7 28 24
35 71 13
19 20 9
71 84 7
12 18 8
82 85 2
30 90 15
53 85 19
43 85 3
24 96 27
66 73 28
26 32 22
54 80 23
46 75 14
80 88 16
26 30 11
36 99 21
18 58 15
4 49 25
29 34 18
47 53 2
11 74 23
2 59 29
16 79 7
17 83 1
5 70 15
67 69 6
30 92 16
21 48 16
49 93 12
28 63 18
26 55 14
34 48 13
13 49 9
8 83 18
79 93 13
14 44 22
25 50 6
36 81 20
37 39 23
70 97 4
51 98 20
17 26 21
53 55 6
1 48 18
3 89 23
38 76 4
11 48 26
52 84 1
10 45 7
3 77 23
23 61 5
80 94 27
7 62 29
44 95 1
67 85 5
66 72 5
43 51 27
57 77 19
7 76 2
34 90 20
15 19 18
22 45 26
27 93 19
41 66 4
2 57 12
2 44 15
7 21 17
20 66 20
88 92 11
42 67 22
4 24 20
6 23 30
63 66 3
67 91 21
79 80 23
92 93 13
5 72 1
7 13 20
33 58 28
14 88 14
63 77 7
2 86 26
1 53 4
20 45 27
67 94 23
53 97 18
52 55 22
13 84 15
30 88 13
30 65 23
37 65 16
6 86 26
40 83 15
32 83 9
58 69 28
50 59 6
41 56 22
56 80 2
81 88 26
46 82 23
1 30 21
16 24 21
26 48 28
9 37 20
35 37 25
85 94 11
14 46 14
8 85 10
16 80 17
44 64 29
18 20 16
45 61 23
12 13 9
21 79 21
9 57 22
40 69 4
48 57 9
19 44 24
23 55 26
0 36 20
5 10 22
51 72 5
15 87 26
40 96 3
5 65 22
10 57 2
14 85 7
51 82 25
5 55 22
26 94 10
14 52 29
93 95 23
10 59 17
60 65 11
36 86 6
18 64 30
19 88 14
94 99 21
26 29 15
35 59 15
53 73 10
40 58 11
30 97 15
4 82 12
1 78 8
31 83 24
23 35 18
30 64 2
14 87 26
10 81 9
57 72 3
21 89 28
45 76 20
16 48 9
30 85 8
36 80 30
0 95 7
34 96 7
43 89 10
65 82 5
24 84 2
13 26 24
8 38 3
35 58 30
22 88 26
13 42 29
46 76 29
37 54 29
26 43 25
70 73 13
43 75 26
10 26 22
35 60 14
2 60 21
30 43 17
30 86 28
57 73 16
8 77 6
53 60 17
7 19 14
22 72 8
4 26 9
29 56 1
22 70 8
58 84 14
19 55 27
19 52 23
41 65 14
53 86 15
61 65 6
36 71 21
28 37 8
52 85 30
42 96 6
31 79 29
9 75 15
1 36 15
12 99 7
13 58 4
2 65 28
29 74 3
67 77 20
36 82 5
16 84 18
44 92 3
23 96 27
26 89 22
2 55 19
53 62 21
20 31 20
23 94 12
14 68 21
11 52 10
42 65 13
15 28 12
68 85 30
0 98 16
62 88 7
29 48 25
73 84 20
49 50 29
18 79 8
77 91 29
32 67 12
5 11 14
73 87 27
26 96 16
7 75 6
56 91 3
74 92 22
40 91 25
15 35 26
47 66 19
62 94 3
45 93 23
21 42 18
33 42 28
48 92 23
9 49 23
18 76 14
12 93 30
2 80 2
8 89 11
0 37 10
47 61 21
32 84 3
39 78 22
14 40 11
46 58 7
57 94 11
59 85 28
0 23 17
1 9 30
11 27 12
5 94 11
28 76 21
14 30 2
23 52 22
72 97 19
29 84 25
5 54 10
1 93 30
45 51 8
2 27 12
78 92 21
42 54 19
20 83 3
48 99 14
67 72 29
21 35 30
34 67 11
22 58 29
91 94 27
18 59 3
15 85 3
50 86 15
92 95 8
10 63 18
10 11 8
34 74 6
22 62 30
0 80 3
14 94 28
59 84 28
0 60 29
53 61 9
22 83 12
5 51 21
16 19 11
11 50 19
58 88 17
3 75 14
13 62 30
8 40 29
42 73 2
26 60 2
5 62 2
66 79 12
67 73 11
5 13 21
25 43 13
42 88 14
44 73 4
7 8 28
39 69 20
52 63 28
59 92 17
35 36 30
3 4 18
19 66 24
59 74 26
60 89 6
18 49 5
36 40 2
1 52 9
19 94 2
7 40 8
25 62 30
7 49 14
23 56 21
48 62 7
58 77 25
82 93 8
21 98 29
0 11 29
32 81 22
4 84 29
39 60 23
14 92 9
51 92 22
29 50 29
12 21 16
51 54 15
20 38 28
23 50 27
51 71 24
13 90 20
21 43 28
26 97 22
58 65 25
53 78 28
92 94 5
2 92 10
42 55 29
50 77 28
5 25 15
30 52 20
73 85 1
50 57 8
41 61 7
15 59 21
16 59 12
15 57 26
90 96 18
20 52 13
19 75 9
50 82 16
3 83 2
58 72 21
56 74 25
11 87 11
12 98 30
20 67 25
60 61 19
14 50 11
49 88 20
49 60 19
4 92 11
20 64 21
1 81 26
60 93 21
35 40 6
75 89 23
14 89 17
45 58 15
10 14 25
28 66 16
27 39 29
26 87 18
39 50 13
65 89 19
41 81 13
45 53 25
5 33 17
72 95 3
61 86 19
15 73 3
45 75 8
13 35 9
6 96 12
54 63 28
0 64 9
49 79 11
10 99 18
42 72 2
84 97 3
28 42 9
4 70 19
67 80 25
21 65 1
62 75 30
36 97 4
37 60 3
34 53 24
45 59 25
34 59 23
64 85 4
6 75 21
15 63 28
3 16 11
31 95 22
1 17 24
46 92 4
45 66 14
33 70 28
3 22 22
3 63 23
65 96 25
1 70 6
3 34 17
40 99 13
6 62 21
7 48 19
59 96 11
97 98 8
66 89 14
73 80 26
39 57 29
34 66 12
29 86 8
10 92 23
29 44 21
70 74 23
52 90 20
39 48 19
16 18 18
2 41 28
37 41 9
5 95 19
50 96 14
61 85 27
25 88 21
91 99 19
6 99 21
61 66 13
0 46 17
11 61 18
41 59 17
30 81 6
34 51 9
15 92 16
22 50 13
41 57 8
49 71 19
45 54 22
25 92 8
96 97 18
8 14 11
12 92 6
69 95 30
4 34 3
43 68 4
81 90 14
82 95 26
24 38 24
19 22 21
55 87 15
12 81 8
28 84 11
4 99 22
30 89 19
45 64 9
22 57 17
40 95 12
0 75 21
64 90 18
53 95 13
13 72 15
33 94 14
8 25 29
69 93 2
2 4 26
0 97 19
49 99 2
11 92 24
44 46 1
13 57 22
50 80 20
33 86 21
33 84 1
28 69 12
43 44 12
15 50 14
13 55 30
7 56 28
12 57 12
9 64 5
7 77 8
21 25 17
74 91 24
44 62 9
15 51 25
32 60 13
35 64 3
57 61 23
27 61 5
44 60 10
28 95 8
8 16 24
8 84 2
27 85 3
52 72 26
38 86 23
7 84 15
3 33 4
24 30 19
24 46 11
16 91 28
73 82 28
28 77 12
6 13 10
41 54 13
45 80 11
36 65 23
70 91 20
83 94 23
85 88 5
48 73 12
0 13 6
3 88 9
59 80 6
59 62 17
90 92 10
27 83 12
15 90 30
76 98 29
14 97 30
56 79 1
25 55 25
83 93 15
28 65 19
12 48 26
19 96 22
11 26 12
25 27 17
45 69 14
10 70 21
5 19 12
52 65 30
68 88 24
81 91 23
27 87 4
9 47 22
70 99 7
39 43 18
2 90 17
47 58 14
71 97 10
73 79 3
13 41 17
29 65 6
41 73 7
9 41 16
3 14 9
31 56 18
30 54 8
84 86 27
80 85 28
8 96 23
13 31 25
48 50 8
3 86 11
2 6 6
37 93 13
56 94 16
77 82 21
44 65 20
57 66 30
17 20 17
13 76 26
46 57 3
66 75 26
24 50 9
17 63 23
34 87 24
61 92 22
12 84 9
40 80 9
58 94 6
56 72 1
64 66 11
2 82 29
63 79 12
24 72 6
65 77 14
12 45 11
76 88 9
21 22 17
53 89 26
18 50 19
4 81 17
70 76 24
41 99 5
46 87 10
13 59 16
1 40 12
12 32 11
6 37 27
18 62 2
12 78 26
2 45 5
36 69 3
33 39 30
35 80 10
41 74 3
32 42 9
27 40 10
76 86 13
13 44 6
13 19 24
28 41 2
16 34 29
85 95 25
36 43 9
55 83 11
0 35 22
11 51 16
33 74 4
15 99 1
31 66 13
36 55 12
58 61 4
1 26 17
18 52 29
8 21 23
52 62 17
64 87 11
1 33 16
48 97 22
72 98 22
12 38 21
54 59 6
0 28 10
63 94 17
8 56 26
4 69 11
28 61 15
6 47 9
9 58 3
2 20 15
8 69 6
17 40 18
33 83 11
36 91 28
36 83 11
54 75 20
36 84 29
41 62 15
11 19 9
6 20 17
58 73 25
32 72 29
14 15 27
50 55 2
20 60 26
14 55 10
58 64 19
32 85 27
10 24 18
58 62 1
27 29 21
24 33 9
66 93 4
25 91 22
66 91 25
62 67 15
12 73 11
29 77 13
7 59 25
3 31 2
29 64 22
14 23 18
26 59 18
89 96 16
2 38 28
10 41 28
21 90 20
27 95 6
46 93 22
0 86 26
5 46 13
96 98 27
28 43 10
74 96 12
76 84 10
15 29 13
36 98 1
46 73 19
36 77 10
0 77 11
3 7 7
11 58 26
95 97 11
74 83 4
28 79 4
18 75 16
65 94 13
3 92 25
68 92 29
1 79 5
41 77 12
82 97 24
5 31 19
49 68 2
13 69 6
21 54 24
71 72 8
12 71 19
18 68 28
17 28 8
4 41 30
25 52 2
19 82 8
6 76 4
37 57 22
0 51 24
58 71 3
19 57 11
59 78 6
8 46 27
60 79 4
4 32 16
13 38 8
64 74 6
3 90 3
29 76 27
19 31 3
4 68 14
3 24 3
32 89 17
42 45 8
64 73 18
21 73 4
6 36 14
35 69 22
3 93 8
4 51 13
38 61 11
19 86 6
13 61 9
36 68 5
13 54 15
15 41 17
48 94 9
3 87 8
31 52 3
25 33 19
33 90 5
17 21 20
44 78 17
18 47 11
4 39 29
8 57 17
37 64 8
44 97 21
8 52 4
46 85 22
8 60 7
24 76 23
62 97 6
56 98 29
2 61 1
52 80 8
43 52 20
29 73 16
29 87 23
14 67 25
0 96 2
66 78 7
59 75 20
30 79 12
1 57 21
59 94 23
3 18 2
6 12 18
7 23 6
33 64 4
33 65 21
63 78 27
68 86 16
7 70 22
30 38 1
64 92 6
38 77 29
37 50 18
63 76 3
51 62 23
83 96 25
23 83 23
69 84 15
74 82 23
53 76 23
29 82 29
4 94 23
22 24 24
13 45 29
63 89 1
11 71 27
35 55 23
16 64 19
17 78 25
64 93 25
13 32 27
9 72 15
20 34 27
22 36 4
8 76 7
45 87 12
69 92 22
21 96 20
4 89 17
7 33 28
68 72 23
37 97 22
62 98 12
48 59 2
33 35 22
0 22 6
49 65 24
89 95 24
24 61 28
88 90 24
1 23 9
68 80 12
27 46 5
20 41 27
3 62 30
27 49 17
16 43 10
29 69 13
82 89 13
26 79 3
1 92 27
13 22 28
45 78 10
17 56 11
15 75 18
29 97 5
27 53 7
33 36 12
24 92 20
1 34 11
5 9 15
8 39 14
44 76 21
10 95 24
9 69 28
57 69 18
68 83 20
7 10 13
41 47 20
67 86 5
35 85 24
3 58 27
32 79 30
16 86 6
25 29 26
10 30 13
11 66 12
19 77 10
20 90 25
1 3 20
37 88 2
53 77 16
10 42 9
11 25 1
61 75 8
19 45 24
3 99 11
55 80 17
15 88 1
49 74 22
52 93 22
49 66 29
38 85 20
35 54 28
1 82 29
0 45 22
26 85 20
18 96 14
7 38 15
7 27 12
27 45 5
54 97 5
86 97 2
69 98 30
40 89 25
26 63 26
74 98 27
5 45 14
2 87 27
37 42 8
47 55 10
33 78 6
88 96 27
27 47 1
19 84 14
73 88 3
22 33 8
77 93 7
40 73 28
6 72 29
5 26 1
46 88 25
1 67 27
7 45 5
30 45 6
32 71 20
8 66 8
52 69 8
30 70 16
57 83 29
13 43 24
23 27 21
13 36 11
11 96 29
25 32 7
9 56 30
27 56 29
43 87 17
27 76 6
26 51 29
30 37 12
24 95 3
8 64 4
34 36 5
26 35 13
9 40 5
0 5 8
54 91 8
1 39 25
44 77 2
12 58 8
83 95 12
21 26 27
14 61 15
7 24 16
32 69 12
36 72 11
1 18 16
48 70 27
35 88 25
55 81 18
7 51 7
8 72 7
68 81 16
34 43 22
42 58 26
15 97 19
29 62 7
43 66 24
42 52 15
43 91 7
16 39 7
50 99 13
44 84 15
44 75 28
12 54 2
24 82 24
35 74 25
43 61 5
10 67 4
11 47 29
4 90 3
29 30 11
52 89 3
57 64 24
7 44 9
20 27 13
1 87 5
90 95 2
3 20 15
76 87 5
57 86 20
33 80 20
38 84 3
25 44 15
23 41 24
27 36 9
34 40 14
69 82 2
35 97 16
31 32 3
6 25 10
17 62 13
16 99 1
29 38 29
83 90 30
58 75 21
12 87 23
3 73 21
7 71 18
19 42 5
46 59 27
3 84 19
53 56 29
8 29 9
54 71 26
32 50 24
2 28 12
3 96 11
42 69 17
14 80 14
10 22 29
19 33 4
75 86 30
17 60 21
39 58 13
50 66 7
11 49 8
6 53 28
23 62 16
14 58 1
23 84 5
47 92 5
28 68 15
60 80 27
25 69 16
71 95 26
43 92 21
53 74 14
61 84 11
46 81 4
72 88 13
7 54 20
1 94 30
4 33 15
12 35 12
47 67 18
31 98 12
24 64 30
11 80 5
50 87 4
18 89 2
34 46 17
58 93 16
71 93 4
9 79 11
39 93 4
51 97 20
4 6 6
41 92 21
25 36 28
29 33 7
63 82 26
5 82 6
0 6 20
78 89 2
22 95 7
22 65 4
49 80 14
43 81 12
56 90 14
60 77 20
67 89 15
26 41 24
22 23 19
54 95 25
32 96 27
21 30 5
44 82 9
8 62 23
75 90 3
67 95 11
9 54 21
21 24 26
74 86 14
19 90 4
37 53 16
35 82 13
17 88 10
4 63 6
1 86 1
11 37 3
12 23 5
90 91 1
1 41 4
79 85 12
30 40 18
11 84 23
35 73 13
48 95 15
22 96 3
20 50 10
26 65 2
40 74 1
36 49 9
53 88 30
23 82 18
12 89 1
3 6 16
32 65 11
26 50 20
29 67 13
44 63 27
18 87 17
68 74 12
62 78 10
10 79 8
63 86 13
5 21 6
44 59 22
19 60 23
19 34 1
43 67 15
79 95 6
55 95 8
2 58 25
40 63 12
23 89 21
20 42 5
3 13 24
39 68 9
12 56 13
33 62 29
43 57 25
12 52 3
22 64 15
10 52 6
57 68 14
51 56 10
9 96 25
76 97 19
22 89 13
18 30 7
43 49 25
24 80 15
25 80 10
49 69 22
14 17 3
1 59 4
19 50 27
45 79 12
9 30 23
45 83 1
48 79 21
19 58 28
55 59 11
27 80 28
62 82 3
8 97 14
70 92 19
13 20 15
9 71 20
60 81 13
17 65 18
20 36 10
9 38 20
71 90 1
27 91 3
18 56 14
28 71 24
42 84 10
2 29 18
15 81 25
20 54 2
15 98 14
84 95 17
7 42 6
20 61 20
8 92 27
18 22 21
31 35 25
0 71 4
5 92 22
38 88 6
6 77 19
23 99 6
15 58 17
12 14 7
62 84 25
64 67 6
17 79 12
55 69 11
60 91 10
53 94 26
44 98 9
95 98 29
25 59 27
4 87 3
60 67 21
39 44 1
23 78 5
75 85 18
14 37 12
59 99 9
25 61 20
26 42 5
15 66 18
9 92 8
49 64 28
20 93 30
34 91 10
34 99 26
8 35 23
29 36 5
64 81 30
54 85 5
44 99 24
48 90 3
52 97 20
3 9 12
54 67 15
83 91 29
37 63 3
79 92 1
28 62 9
32 78 19
61 71 25
28 32 25
23 31 18
59 70 2
82 86 20
19 80 26
23 93 4
75 82 18
57 90 2
46 99 11
17 86 30
58 99 6
3 95 10
6 19 3
40 65 19
11 59 29
54 81 8
29 83 18
74 87 22
20 74 17
35 41 11
16 78 13
56 58 8
51 80 21
37 80 17
32 94 26
25 95 6
72 82 29
21 28 21
89 91 21
23 44 19
53 91 8
72 74 4
77 88 25
14 93 30
41 69 6
13 74 23
6 41 27
13 46 19
27 86 3
18 39 6
21 51 26
60 76 10
22 93 22
31 82 14
33 71 16
21 77 12
65 81 27
57 87 17
84 87 14
52 94 25
4 97 20
8 90 5
65 99 29
40 92 29
39 85 1
33 57 12
15 72 27
88 91 23
64 99 14
48 83 11
37 96 26
51 91 1
11 34 22
22 48 9
28 82 2
14 70 5
49 84 23
17 51 13
24 69 17
12 72 30
96 99 4
69 91 22
33 82 5
21 64 29
64 65 4
21 62 10
29 49 5
52 96 1
17 53 9
39 67 30
5 79 20
69 90 25
0 4 25
55 60 8
16 30 22
42 85 27
14 31 30
2 64 2
27 98 29
39 53 23
37 73 19
36 88 30
34 47 26
37 66 4
55 94 18
80 81 3
10 97 10
82 87 4
47 57 30
45 94 2
23 38 12
53 83 7
54 88 3
67 92 7
47 51 30
6 26 28
24 57 24
48 68 11
36 37 2
29 31 5
47 89 6
41 91 11
56 97 16
28 50 19
10 78 26
67 75 2
18 51 27
6 58 30
65 74 7
40 75 29
51 76 16
7 14 9
0 92 21
26 54 28
37 56 5
37 77 3
2 62 20
84 99 13
34 73 23
36 67 21
10 38 8
6 87 7
28 45 16
25 60 18
34 61 26
62 90 19
76 91 12
5 28 28
27 60 5
13 87 26
27 35 20
17 95 12
37 74 5
26 69 29
58 59 17
33 46 23
68 99 19
49 91 7
0 3 22
8 82 8
21 88 23
38 87 24
5 56 5
47 49 10
61 96 26
55 65 12
70 93 15
82 99 27
44 91 11
51 74 13
6 97 10
6 8 24
0 65 18
42 92 8
6 49 6
78 96 23
34 88 22
47 73 5
49 58 10
44 67 21
36 70 26
11 16 21
13 14 25
24 37 15
30 48 27
43 70 8
78 81 1
4 75 29
51 69 11
27 31 7
29 32 12
19 73 12
22 91 1
16 82 5
15 52 4
25 53 26
0 48 18
5 41 17
27 68 2
3 69 9
54 61 28
19 26 26
18 41 25
74 84 8
52 67 2
0 76 25
0 2 21
69 72 24
49 81 12
38 52 28
6 93 9
12 86 2
18 95 6
30 66 3
55 86 13
56 85 21
3 53 26
36 39 21
16 20 6
43 97 16
2 78 12
0 20 19
24 28 26
6 48 27
16 50 9
17 24 25
18 94 24
6 15 2
25 67 26
43 93 16
32 76 6
38 79 24
34 62 21
12 82 14
75 92 17
1 90 17
35 72 11
11 40 27
28 89 29
27 37 18
4 76 8
66 99 9
17 66 10
79 99 24
21 40 9
84 93 5
10 33 11
23 63 28
47 99 1
9 11 26
31 90 21
32 98 21
36 45 24
5 35 3
40 94 16
33 63 10
51 67 19
66 85 12
7 96 11
13 91 26
47 65 8
79 90 19
50 69 4
71 79 30
5 20 1
22 28 9
55 98 28
26 66 29
83 86 20
43 88 14
61 77 5
34 37 4
70 82 24
11 88 10
28 78 9
69 70 26
45 82 15
33 98 28
12 36 28
4 20 21
7 78 25
27 41 5
12 46 26
33 95 14
28 64 24
27 44 3
3 61 27
11 13 14
46 86 28
2 11 29
6 31 17
63 99 8
27 72 23
77 87 16
10 69 21
36 56 21
58 60 2
43 83 17
1 77 9
13 21 12
0 62 27
52 92 6
24 29 22
72 85 23
17 61 1
7 92 1
23 32 18
23 43 13
22 42 15
27 34 4
14 35 18
17 49 5
22 61 2
1 15 17
62 99 3
52 82 18
48 60 13
6 73 18
51 83 19
40 93 4
8 55 2
15 22 15
23 42 5
29 43 23
64 84 15
61 82 29
26 98 21
42 53 14
46 70 25
58 89 11
38 42 23
21 44 26
24 65 2
24 66 29
42 49 4
5 7 10
11 73 12
33 87 25
2 95 25
3 82 3
80 86 23
32 88 11
10 25 29
17 74 3
25 40 4
68 70 26
10 93 16
16 33 25
78 79 24
26 84 22
28 73 23
38 43 13
34 89 2
11 31 7
22 43 22
1 19 24
20 47 16
20 40 14
17 72 9
4 47 17
65 71 14
20 96 3
91 98 16
38 66 23
50 65 3
41 71 24
5 40 17
48 85 26
13 23 17
80 98 9
43 71 22
61 89 21
91 96 2
31 57 25
10 34 1
27 52 29
47 83 17
31 92 28
24 73 12
25 47 26
10 49 20
25 77 16
67 87 1
13 30 20
62 64 21
57 58 15
4 15 5
83 99 28
10 90 13
59 66 7
33 88 13
61 90 4
26 70 18
24 55 10
21 60 12
67 79 17
57 65 25
18 73 19
9 97 21
51 96 25
7 9 29
12 44 28
82 94 1
55 90 12
32 93 9
72 99 7
56 81 19
58 92 25
16 66 6
30 35 25
13 28 5
18 48 28
50 74 5
23 29 15
7 89 26
73 93 21
5 98 30
36 54 21
14 75 6
21 97 20
92 96 22
31 89 5
48 61 18
42 74 14
3 70 24
11 17 27
65 83 24
48 54 24
16 23 19
18 71 10
85 98 2
39 61 12
86 91 27
13 73 24
19 81 10
6 50 4
63 87 29
5 53 8
56 82 28
4 30 16
7 98 25
7 87 18
0 70 12
23 25 29
38 72 26
5 6 25
8 17 17
34 82 28
11 76 10
34 38 4
55 78 20
18 46 11
2 51 15
4 71 13
0 14 29
30 56 5
45 90 18
34 56 28
1 28 14
75 76 2
22 81 17
27 54 12
46 65 11
54 64 13
32 43 7
27 74 30
5 76 17
36 42 29
26 99 13
45 96 28
62 73 4
37 68 9
35 76 29
41 51 6
22 25 6
29 91 11
85 90 4
36 61 19
3 94 6
70 87 1
34 77 25
47 52 18
46 61 20
48 72 13
52 53 22
24 85 19
66 80 13
35 78 1
15 86 14
29 96 21
9 52 3
1 89 4
2 63 5
14 65 9
12 70 30
47 87 5
15 96 27
27 77 14
27 75 15
75 84 9
1 2 16
30 31 17
25 98 14
38 50 4
10 36 10
10 44 6
91 97 4
53 71 16
9 63 27
12 66 16
28 81 19
7 47 28
45 47 7
7 67 9
13 67 24
25 71 14
16 53 11
25 81 7
19 89 28
25 75 22
11 22 3
86 99 19
31 60 22
1 56 12
35 62 3
28 55 1
34 72 29
35 68 14
29 66 3
58 82 10
78 99 17
9 95 18
41 84 8
1 50 23
4 7 3
54 76 6
4 65 30
27 51 19
28 86 27
49 59 5
23 72 13
16 75 21
52 83 16
76 85 20
61 81 10
20 37 7
31 37 28
73 97 22
77 94 17
27 96 15
11 82 1
76 89 7
42 79 8
51 95 20
51 94 23
93 94 24
18 43 25
78 88 7
38 94 9
70 94 17
1 51 26
29 90 3
75 87 4
18 70 2
6 54 17
2 72 17
54 96 23
8 86 8
34 75 13
58 66 23
46 60 4
49 73 22
87 89 1
9 36 23
40 48 12
1 54 2
73 90 27
64 94 20
8 50 1
38 89 12
2 91 19
84 96 10
18 67 26
59 90 28
28 40 19
44 48 25
64 79 1
32 36 28
21 83 2
32 39 18
45 86 2
61 69 21
27 90 29
28 39 13
29 59 11
24 98 20
49 82 5
41 63 20
4 28 15
12 61 5
42 89 30
15 42 5
20 51 8
13 27 14
17 94 14
47 72 8
69 85 28
27 89 3
78 97 15
13 29 11
17 55 5
7 50 7
28 99 2
37 91 1
14 81 29
7 32 20
33 37 27
64 80 29
63 80 1
7 74 16
11 68 11
18 88 27
38 69 24
1 95 7
5 16 5
70 90 4
87 95 10
49 67 3
6 45 18
73 83 15
9 90 15
47 86 21
48 56 22
23 45 7
5 78 7
42 80 30
28 74 25
15 60 19
81 87 23
56 87 16
10 46 25
8 27 3
9 19 22
23 75 25
16 49 30
29 81 22
21 31 14
35 45 22
55 61 5
36 73 4
50 90 7
90 94 12
14 28 29
35 91 19
67 76 3
35 49 2
6 18 23
53 79 26
31 62 22
29 54 13
17 48 6
73 94 20
42 81 22
27 64 23
60 64 29
9 35 27
1 98 29
47 80 19
10 55 30
18 65 16
54 73 11
41 93 19
26 75 26
24 42 16
10 40 22
52 70 5
6 33 17
22 59 4
38 95 21
20 68 3
37 86 24
17 77 27
25 83 24
34 41 26
30 77 6
88 99 20
55 89 9
84 89 16
4 43 12
3 50 12
68 75 19
2 74 13
34 35 9
53 90 24
36 95 14
19 32 30
45 55 15
69 87 4
3 74 6
25 45 29
67 71 24
89 94 23
19 64 26
69 81 23
80 95 7
38 48 25
61 80 9
26 67 13
49 61 1
68 82 17
55 88 2
64 71 7
63 65 24
62 74 8
6 27 2
68 89 21
29 71 1
87 98 14
65 93 26
6 10 22
17 59 29
9 32 19
11 20 20
34 50 11
49 55 15
55 91 20
18 28 6
88 98 12
24 87 5
26 71 2
65 78 12
30 99 11
14 66 16
12 83 25
38 57 2
17 85 26
18 54 14
38 74 2
71 74 12
15 67 21
32 92 26
17 97 7
28 96 18
22 63 18
8 47 3
10 87 28
74 95 4
32 38 8
10 62 18
17 91 6
79 81 30
10 77 16
19 21 9
11 57 18
70 80 20
15 39 29
34 92 28
25 26 19
14 38 18
26 57 8
32 63 17
46 95 5
33 55 5
42 75 20
58 70 14
16 26 22
39 80 21
33 81 21
23 37 30
2 9 6
29 45 25
72 96 19
23 39 28
0 84 17
36 87 18
9 76 6
12 53 21
8 34 29
64 70 27
39 82 10
11 24 23
26 45 24
34 39 27
98 99 24
80 92 18
43 98 19
31 64 24
18 69 7
41 94 13
33 92 6
5 67 28
14 16 30
88 97 2
52 75 5
47 97 25
32 44 10
77 92 5
5 27 30
26 80 3
34 54 28
7 43 2
42 63 6
41 64 9
9 85 28
23 87 22
16 62 22
5 58 30
5 83 12
6 17 12
0 93 6
20 35 5
20 59 6
22 78 12
2 93 29
12 39 11
53 75 16
66 69 28
40 53 5
6 55 14
83 88 11
28 97 7
16 70 15
50 70 10
41 48 21
1 76 14
10 54 27
11 94 16
35 86 28
3 28 26
57 78 28
30 62 22
29 39 16
1 69 17
11 69 12
94 98 21
85 89 2
20 97 1
76 93 11
14 48 8
0 10 14
8 13 11
77 84 4
48 65 11
31 85 7
11 62 20
22 26 28
57 60 16
5 57 11
22 71 2
34 94 7
72 92 24
29 92 30
68 90 9
14 63 6
32 35 15
20 84 14
37 99 5
65 88 20
27 62 1
34 69 13
8 20 3
14 49 1
56 64 15
40 82 28
50 88 23
48 53 12
83 92 26
12 40 23
1 6 14
82 96 17
8 79 30
13 17 29
41 97 16
82 91 20
25 74 27
6 85 26
46 77 21
13 96 12
41 58 1
8 65 4
44 58 12
16 36 9
47 94 21
8 42 13
25 97 23
91 95 21
58 85 28
66 92 13
3 23 13
63 73 26
34 83 17
33 47 13
34 76 8
14 27 25
54 66 15
56 65 21
37 49 30
47 75 12
18 42 21
49 86 30
51 99 26
22 66 21
40 55 22
55 82 21
48 69 28
32 52 2
22 56 3
7 25 17
33 44 1
13 79 21
60 68 23
30 58 1
86 95 5
59 69 6
22 40 1
24 26 30
65 67 20
56 69 12
45 60 16
16 68 20
55 93 27
21 74 20
43 46 27
86 93 1
1 46 23
60 71 23
61 72 28
48 67 30
79 91 21
1 42 30
15 20 24
12 90 5
45 72 11
59 79 13
1 62 5
39 71 5
12 22 6
18 61 2
22 77 3
86 89 28
73 91 28
62 93 18
45 49 27
47 48 28
5 90 18
55 96 22
26 83 4
62 80 20
19 48 2
34 55 1
1 65 26
61 76 1
59 64 27
53 99 26
2 36 17
19 41 23
65 84 12
48 52 13
14 25 8
62 69 27
15 65 3
32 73 25
63 70 20
12 34 22
5 87 12
4 85 27
82 90 8
41 53 26
0 16 14
0 66 10
65 73 11
56 84 22
4 37 2
0 99 7
27 65 20
37 52 21
50 51 12
5 12 18
42 93 25
60 72 11
74 88 27
43 96 25
81 99 3
31 55 14
60 87 29
53 82 15
86 87 1
75 95 29
3 35 17
25 49 3
31 61 26
51 93 18
15 43 24
61 98 23
39 72 30
71 78 20
32 77 19
50 97 28
59 60 16
5 14 21
76 82 12
22 46 5
81 85 19
70 79 2
32 66 30
49 70 24
33 68 16
31 73 18
43 99 28
12 85 7
27 57 19
39 83 21
18 24 23
23 91 3
77 90 17
55 73 15
70 83 17
16 32 5
2 26 20
0 34 3
20 25 3
6 34 3
14 91 27
25 65 22
20 30 8
8 9 11
39 84 26
12 16 28
1 43 20
11 55 28
67 74 12
9 67 14
10 85 10
11 32 6
15 71 4
23 59 6
3 85 14
2 42 5
54 82 13
27 79 11
57 85 1
11 54 9
48 58 19
13 95 6
22 87 20
45 84 19
49 83 28
15 76 12
48 91 6
48 84 10
0 7 13
26 82 30
45 85 27
46 71 23
8 30 27
44 93 24
10 27 11
4 61 21
26 56 29
0 38 18
79 97 22
4 67 8
15 61 14
40 90 29
57 81 21
25 94 18
33 60 8
66 70 8
53 59 27
13 81 10
11 43 23
70 77 14
25 78 19
30 80 26
32 46 19
21 61 1
8 45 10
11 28 19
35 66 14
63 67 23
15 79 12
49 51 21
52 79 7
74 77 4
55 85 1
9 28 12
14 78 27
58 79 14
0 55 16
48 66 2
89 93 3
61 64 24
14 69 10
37 94 5
2 25 9
8 37 16
17 50 12
45 81 20
35 77 28
4 73 17
76 95 8
40 47 24
38 73 20
60 92 7
34 68 12
0 19 4
8 53 26
5 52 9
70 71 10
5 24 25
71 85 1
84 94 23
3 17 14
10 58 11
2 10 23
17 81 27
19 98 17
53 69 10
2 40 16
73 86 24
6 59 23
14 33 5
1 68 11
73 92 2
19 79 27
16 77 12
77 98 13
48 93 18
9 17 23
16 90 21
26 28 11
13 64 18
25 58 19
6 88 13
7 88 23
10 15 28
24 94 30
55 58 22
66 76 8
56 99 11
3 57 3
21 50 30
57 84 6
48 63 22
2 46 24
38 91 4
20 62 3
27 50 19
2 23 13
89 92 17
42 94 2
10 61 6
29 37 7
33 85 23
57 59 28
90 98 1
40 67 3
13 39 30
0 17 3
44 85 8
48 71 9
9 50 25
19 37 15
25 28 9
30 57 16
11 63 28
28 60 17
1 75 30
44 81 9
48 87 24
4 5 6
40 61 5
20 91 1
32 51 2
0 94 28
45 65 27
62 91 20
0 53 27
21 47 13
55 62 21
75 83 26
6 24 30
2 75 24
21 39 13
13 89 1
3 19 2
27 58 28
21 95 13
6 14 30
52 76 6
21 72 30
26 76 28
4 35 11
81 92 26
52 61 4
14 86 29
31 59 13
52 77 27
20 72 27
17 18 7
2 22 30
43 86 20
44 89 19
10 65 8
5 36 16
50 56 19
29 79 19
45 52 27
25 34 27
12 42 26
12 96 20
34 85 7
65 76 20
33 97 24
62 63 18
68 87 28
8 10 6
41 46 18
39 47 23
36 64 4
35 44 10
14 77 2
0 85 13
4 98 10
2 13 1
29 68 15
73 77 7
25 89 9
20 69 16
53 64 28
36 60 22
3 8 11
18 19 6
78 82 9
10 39 17
38 60 25
46 72 22
9 94 3
33 75 16
28 56 16
55 92 26
66 83 19
76 80 17
44 54 28
12 37 28
10 35 3
0 12 17
30 34 26
19 95 2
73 99 25
58 98 7
24 89 2
42 86 26
51 77 16
29 53 12
52 99 6
58 96 23
39 62 5
12 67 15
76 94 2
77 97 24
4 27 4
14 64 9
40 62 15
52 86 14
9 10 21
29 70 7
59 91 4
